Temparature measure
4.27
6.81
2.16
4.99
4.66
3.2
6.06
4.01
8.06
2.29
4.13
4.97
5.13
5.1
6.25
3.01
6.12
3.99
10.71
6.4
8.31
11.29
14.38
3.78
7.74
6.27
1.05
9.68
14.72
5.82
8.48
5.54
6.28
8.44
7.68
-1.18
7.33
5.17
4.53
4.96
6.09
8.12
6.02
6.3
3.11
5.63
11.46
8.13
6.11
3.97
3.19
5.88
11.26
11.96
3.14
10.46
7.35
0.92
3.61
6.24
6.72
1.3
3.96
9.09
10.43
0.77
10.89
0.63
5.41
5.77
10.06
8.56
5.87
5.66
4.95
3.4
0.87
6.06
5.38
4.74
2.8
2.84
13.5
6.67
7.26
6.93
2.73
0.67
7.56
5.4
5.9
6.45
8.38
0.79
9.98
4.48
2.13
11.53
5.4
7.09
2.03
2.65
-2.36
3.39
4.83
6.13
8.78
10.07
7.06
3.86
5.88
1.49
8.69
10.93
-1.01
2.3
1.64
2.86
5.57
3.44
4.14
8.82
7.05
-0.85
4.61
1.47
10.12
7.33
8.38
11.23
0.75
7.35
5.26
8.61
0.7
3.11
1.74
3.26
3.67
6.44
6.55
3.54
7.31
8.72
6.83
8.16
4.29
12.11
4.83
7.14
6.59
7.73
8.63
4.84
4.29
4.28
8.97
10.66
9.26
8.4
5.91
6.7
4.32
8.59
5.56
0.86
2.67
7.47
13.56
5.46
7.05
4.42
4.91
11.22
4.36
5.18
6.48
4.81
7.07
4.14
-1.86
5.29
10.39
2.32
-2.11
7.91
7.38
6.7
3.76
7.38
4.12
3.29
9.2
10.67
6.37
4.98
4.72
5.65
10.94
0.9
9.41
6.67
2.91
8.81
9.35
11.04
5.81
8.29
-0.02
4.22
6.81
8.31
5.74
5.15
8.59
4.27
2.81
4.87
10.6
11.17
3.35
8.19
-1.74
8.59
2.77
1.04
9.15
6.42
10.29
5.12
5.68
-2.73
6.03
6.05
6.2
8.22
5.33
12.17
6.57
8.97
11.72
8.95
8.14
3.07
1.59
3.44
0.29
6.35
7.94
6.43
6.8
0.51
1.38
8.81
2.28
10.07
6.94
1.75
7.71
1.37
5.71
7.72
5.02
7.86
7.96
3.29
4.91
5.48
3.55
5.84
3.92
3.26
11.51
4.34
3.82
6.25
1.99
2.12
5.85
9.38
10.07
6.07
7.06
8.44
8.1
10.42
2.1
4.98
6.81
6.02
7.72
8.12
10.41
1.46
6.61
3.79
6.5
4.19
6.86
0.3
4.09
7.74
4.9
2.64
2.35
5.93
3.83
0.12
12.06
6.67
4.92
6.77
4.31
8.12
6.42
2.49
10.39
8.74
5.42
2.89
5.5
11.75
5.41
8.89
9.42
8.6
12.23
3.75
0.32
10.28
4.77
8.74
18.9
5.68
0.98
2.91
7.18
12.47
8.73
3.49
7.33
8.2
4.9
6.8
17.44
10.52
4.78
8.42
0.85
9.56
-0.21
1.63
6.86
1.5
8.8
0.32
1.52
6
3.61
-1.16
5.6
5
2.91
9.58
5.45
4.22
7.17
11.17
7.05
2.21
8.04
3.08
2.28
5.74
8.8
3.55
6.56
9.37
8.4
8.34
7.08
9.09
9.93
4.19
2.6
5.79
4.44
11.27
-2.97
-0.23
1
7.16
6.43
11.48
9.92
16.23
13.2
8.03
9.97
5.72
10.42
4.78
2.12
-2.12
2.81
7.92
8.23
2.9
10.93
4.81
-0.01
6.38
2.57
5.86
3.72
3.36
13.3
5.91
5.69
10.35
8.81
2.13
7.67
6.21
3.26
3.32
3.72
5.46
8.21
7.06
0.73
2.91
6.19
0.6
2.58
8.39
5.83
4.11
6.86
-0.81
5.59
9.16
8.42
2.96
2.63
13.37
9.65
9.04
5.21
11.51
6.43
7.98
5.08
9.94
2.85
8.23
4.81
0.36
9.11
7.28
4.79
-3.58
9.9
10.32
2.07
8.79
7.81
9.99
8.3
3.44
7.54
4.59
2.64
6.08
9.63
11.38
4.97
11.72
4.47
4.46
6.27
10.54
6.92
2.82
0.98
7.55
9.8
3.76
1.95
7.53
12.14
6.51
3.82
6.72
5.48
13.47
7.31
7.43
1.92
7.09
3.97
9.15
4.24
0.53
10.86
-1.28
7.01
6.19
6.04
3.32
4.55
7.34
8.3
11.42
8.39
11.45
7.9
6.08
9.56
2.59
5.61
-2.44
1.73
5.2
7.87
9.66
0.25
4.81
1.68
3.02
8.43
-2.32
10.28
0.51
5.04
5.75
-0.12
9.67
3.28
7.14
3.27
1.39
9.01
7.16
5.76
5.38
3.89
6.96
3.81
11.16
1.78
6.38
4.24
2.68
3.75
2.9
4.42
4.95
8.33
9
5.67
-1.53
-0.16
6.1
3.4
5.39
11.47
5.91
4.61
1.95
3.73
-1.62
3.53
6.13
3.35
6.48
2.17
2.93
9.29
3.38
4.1
8.17
6.97
2.61
7.78
9.77
5.21
3.61
1.81
6.32
3.58
5.54
11.03
7.65
6.47
6.16
9.98
9.57
3.68
7.83
2.3
6.36
7.03
5.83
9.87
1.03
5.53
8.58
10.05
6.84
10.12
4.39
0.8
6.59
4.06
13.12
9.59
8.02
8.55
9.47
-0.39
8.11
7.2
3.36
5.66
6.54
7.19
3.91
5.54
8.18
11.13
4.97
10.6
9.69
6.31
4.06
10.53
7.03
1.8
1.61
4.37
13.67
-0.6
4.85
9.87
2.76
8.88
2.62
9.22
6.48
-3.7
9.85
3.03
8.35
7.36
8.12
2.76
2
2.22
6.15
9.07
4.89
3.07
3.71
6.96
4.47
6.42
6.62
4.22
-0.63
7.13
5.33
-2.22
7.86
4.06
8.22
5.81
0.01
2.86
10.74
11.07
1.75
10.39
5.57
6.23
11.19
10.02
-0.26
1.71
10.17
4.49
6.43
9.8
4.12
7.97
3.37
6.97
12.95
3.86
1.98
13.79
6.04
2.73
3.34
5.13
6.21
4.73
9.96
3.32
12.56
2.09
2.83
7.61
5
6.89
4.91
1.19
6.91
10.98
4.43
6.28
1.37
10.91
8.58
10.63
6.18
5.39
4.12
3.64
2.93
4.8
4.59
3.29
5.54
2.73
2.53
1.83
2.57
8.04
8.84
4.79
7.78
3.38
5.49
11.55
7.08
8.07
6.7
5.3
-2.36
0.03
7.97
2.57
10.89
7.38
2.95
0.05
7.78
5.24
7.04
11.96
0.48
8.44
11.11
7.41
4.27
9.8
6.3
3.68
13.19
1.02
4.83
10.58
7.36
7.25
8.92
7.43
4.42
10.05
0.14
4.32
9.17
8.16
6.09
6.97
2.36
14.78
3.05
6.64
5.28
2.01
5.12
2.61
6.59
11
9.85
9.09
8.92
8.28
6.65
8.68
13.37
7.2
10.14
8.69
13.95
9.78
9.84
4.66
1.74
4.34
8.96
10.2
2.82
11.58
6.56
11.14
3.27
7.81
2.67
0.73
6.6
9.49
3.32
6.41
8.06
5.65
7.48
7.55
-0.91
9.57
6.01
6.96
3.89
3.45
3.25
4.8
6.11
15.44
7.96
7.73
7.09
1.86
1.22
3.47
8.87
6.46
5.9
5.35
16.66
3.05
7.73
4.68
3.97
5.83
8.51
12.42
7.34
2.57
2.62
5.41
3.5
6.85
5.97
7.28
8.24
7.02
2.65
10.25
0.53
8.78
4.22
10.08
5.38
1.28
8.17
3.3
1.47
-2.52
4.39
6.18
8.24
4.35
5.59
11.12
5.19
11.38
9.52
7.89
9.87
5.1
7.58
3.94
2.9
4.71
5.24
1.48
9.65
1.39
3.86
9.16
9.4
6.16
10.48
5.85
0.4
1.68
10.49
3.78
6.87
-0.53
7.36
2.71
12.35
5.86
-2.73
7.04
2.43
8.35
5.63
3.87
5.08
7.25
2.06
10.08
5.86
2.17
4.16
7.58
7.25
10.18
6.7
5.81
3.78
13.39
2.13
2.71
2.68
6.13
12.2
5.25
13.95
9.81
9.95
7.61
2.44
8.23
9.09
0.56
3.36
2.95
4.75
9.29
3.82
6.79
2.33
7.48
8.68
1.23
5.2
2.04
13.74
17.58
4.53
4.65
7.24
0.75
10.97
7.26
3.04
7.66
2.57
5.79
4.05
5.58
5.2
8.64
6.6
4.51
6.33
3.43
0.61
4.47
13.49
1.65
-0.15
4.94
6.28
4.78
0.6
